34 13
0 0 1 1 2 2 3 3 4 5 5 6 6 7 8 9 10 11 12 13 14 14 15 16 17 18 19 19 20 20 21 22 22 23 23 24 25 25 26 27 27 28 29 29 30 30 31 31 32 32
33 33 34 34 35 35 36 36 4 37 38 39 40 7 8 9 10 11 12 41 41 42 42 16 17 18 43 43 44 44 45 46 46 47 47 48 49 49 50 50 51 51 52 53 54 55 56 57 58 59
60 61 62 62 63 64 65 66 67 37 38 39 40 68 68 69 70 70 71 71 72 72 73 73 74 75 75 76 76 77 45 78 79 80 81 48 82 83 83 84 84 85 52 53 86 55 56 87 58 59
60 88 88 89 63 64 65 66 90 90 91 92 92 93 94 94 95 96 96 97 98 99 99 100 101 101 102 103 104 104 105 105 79 80 106 106 82 107 107 108 108 85 109 109 86 110 111 87 112 113
114 115 116 89 117 118 119 120 120 121 91 122 123 93 124 124 125 125 126 97 98 127 128 100 129 129 102 130 131 132 133 134 134 135 135 136 136 137 137 138 138 139 140 141 141 110 142 142 112 113
114 143 116 144 145 118 119 146 146 147 147 122 123 148 149 149 150 150 126 151 151 127 128 152 153 154 154 130 131 132 133 155 156 157 157 158 158 159 159 160 161 139 140 162 162 163 163 164 164 165
166 143 167 168 145 169 170 171 171 172 172 173 173 148 174 175 176 177 178 179 179 180 181 152 153 182 182 183 183 184 185 155 186 187 187 188 189 189 190 160 161 191 191 192 193 194 195 196 197 165
166 198 198 168 199 169 170 200 200 201 202 202 203 204 174 175 205 177 206 206 207 180 208 208 209 209 210 211 211 184 212 212 186 213 213 214 214 215 215 216 217 217 218 192 219 194 195 196 197 220
221 221 222 222 199 223 223 224 224 225 225 226 203 204 227 227 205 228 229 230 231 232 233 234 235 235 210 236 236 237 238 239 240 241 241 242 243 244 245 216 246 246 218 247 219 248 249 249 250 220
251 252 253 254 254 255 255 256 257 258 258 226 259 259 260 260 261 228 229 230 231 232 233 234 262 263 263 264 265 237 238 239 266 267 268 242 243 244 245 269 269 270 271 247 272 272 273 273 250 274
251 252 253 275 276 276 277 277 257 278 278 279 280 280 281 282 261 283 283 284 284 285 286 286 262 287 287 264 265 288 288 289 266 267 268 290 291 291 292 292 293 270 271 294 294 295 295 296 297 274
298 299 299 300 300 301 301 302 302 303 303 279 304 305 305 282 306 307 307 308 308 309 310 310 311 312 312 313 314 314 315 315 316 317 318 319 319 320 320 321 293 322 323 324 325 326 326 296 297 327
298 328 329 330 330 331 331 332 332 333 334 334 304 335 336 337 337 338 338 339 340 309 341 342 343 343 344 313 345 345 346 346 316 317 318 347 347 348 348 321 349 322 323 324 325 350 350 351 351 327
352 328 353 353 354 354 355 355 356 333 357 357 358 335 336 359 359 360 361 361 340 362 341 363 364 364 344 365 366 366 367 367 368 369 370 371 372 372 373 374 374 375 376 377 377 378 378 379 380 380
381 381 382 382 383 384 385 386 356 387 388 389 358 390 390 391 391 392 392 393 393 394 394 363 395 395 396 365 397 397 398 398 368 369 370 371 399 400 373 401 401 375 376 402 403 404 405 405 406 406
407 408 408 409 383 384 385 410 410 387 388 411 412 412 413 414 414 415 415 416 417 418 418 419 420 420 421 421 422 422 423 423 424 425 426 426 399 400 427 427 428 429 429 402 403 404 430 430 431 432
407 433 433 409 434 435 435 436 436 437 438 411 439 439 413 440 441 441 442 416 443 443 444 445 445 446 447 447 448 449 450 451 424 425 452 453 454 454 455 455 456 456 457 458 458 459 460 461 462 432
463 463 464 464 465 465 466 466 467 467 438 468 468 469 470 440 471 472 442 473 473 474 444 475 476 477 477 478 448 449 479 451 480 480 452 481 481 482 482 483 484 485 486 486 487 459 460 488 462 489
490 490 491 491 492 492 493 494 494 495 495 496 497 469 498 499 471 500 500 501 501 474 502 502 476 503 504 504 505 505 479 506 506 507 508 508 509 510 511 483 512 485 513 513 514 515 515 488 516 517
518 518 519 519 520 521 521 522 522 523 523 496 497 524 498 499 525 525 526 527 528 529 529 530 530 503 531 532 533 533 534 535 536 507 537 538 509 510 539 539 512 540 541 542 514 543 544 544 516 517
545 545 546 547 520 548 549 549 550 551 551 552 552 553 554 555 556 556 557 527 528 558 559 560 560 561 531 562 562 563 534 535 564 565 537 566 566 567 567 568 568 540 541 569 569 543 570 570 571 572
573 574 546 547 575 576 576 577 550 578 578 579 580 553 554 555 581 582 557 583 584 584 559 585 585 561 586 586 587 563 588 588 564 565 589 590 590 591 591 592 592 593 593 594 594 595 596 597 571 572
573 574 598 598 575 599 600 601 602 602 603 579 580 604 604 605 605 582 606 606 607 607 608 608 609 610 610 611 612 612 613 614 615 616 616 617 618 619 619 620 621 621 622 622 623 624 596 597 625 625
626 627 628 629 630 599 631 601 632 633 603 634 634 635 636 637 638 639 639 640 640 641 641 642 609 643 644 611 645 645 646 614 647 648 649 617 618 650 650 620 651 652 653 654 623 624 655 656 656 657
626 627 628 629 630 658 631 659 660 633 661 662 662 663 636 637 638 664 664 665 665 666 666 667 667 668 644 669 670 670 646 671 647 672 649 673 674 675 675 676 676 652 653 654 677 677 655 678 679 679
680 680 681 682 682 658 683 683 660 684 684 685 686 663 687 687 688 688 689 689 690 691 691 692 693 668 694 669 695 695 696 671 697 672 698 673 674 699 699 700 701 702 703 704 704 705 706 706 707 707
708 709 709 710 711 711 712 713 713 714 714 715 686 716 717 718 718 719 719 720 720 721 722 692 723 724 725 725 726 727 728 729 697 730 730 731 732 733 734 700 735 702 703 736 736 737 738 738 739 739
708 740 741 710 742 742 712 743 744 744 745 715 746 716 717 747 748 749 749 750 750 751 722 752 723 724 753 753 726 727 728 754 754 755 755 731 732 733 734 756 735 757 757 758 758 737 759 759 760 760
761 740 741 762 762 763 763 743 764 765 766 766 767 767 768 768 748 769 769 770 770 751 771 752 772 772 773 773 774 774 775 776 777 778 779 779 780 781 782 756 783 783 784 784 785 786 786 787 787 788
761 789 790 790 791 792 793 794 764 765 795 795 796 796 797 798 798 799 800 801 801 802 771 803 804 805 805 806 806 807 807 776 777 808 809 810 810 781 811 811 812 813 813 814 815 815 816 817 818 819
820 820 821 821 822 792 793 823 824 825 825 826 826 827 797 828 828 799 829 830 831 832 833 803 834 835 835 836 837 838 839 840 841 808 842 842 843 844 844 845 812 846 847 847 848 849 816 817 850 819
851 851 852 852 822 853 853 823 824 854 855 856 857 858 859 860 860 861 829 830 831 832 862 862 834 863 864 865 837 838 839 866 841 867 868 869 843 870 871 871 872 873 873 874 848 849 875 875 850 876
877 878 879 879 880 880 881 882 883 854 855 856 884 858 885 886 887 861 888 889 889 890 891 891 892 893 864 865 894 894 895 866 896 867 868 897 897 870 898 899 872 900 901 874 902 903 903 904 905 876
877 906 906 907 907 908 909 882 883 910 911 911 884 912 885 886 913 914 914 915 915 916 917 918 892 893 919 920 921 922 922 923 923 924 924 925 925 926 926 899 927 928 901 929 929 930 930 931 905 932
933 933 934 934 935 908 909 936 937 938 938 939 940 941 941 942 913 943 944 944 945 916 917 946 946 947 947 920 948 949 950 951 951 952 953 954 954 955 955 956 927 928 957 958 959 960 961 931 962 962
963 964 965 966 967 967 968 968 937 969 969 939 970 971 971 942 972 972 973 973 945 974 975 975 976 976 977 977 948 949 978 978 979 952 953 980 981 982 983 983 984 985 985 958 959 960 961 986 987 987
963 964 965 966 988 989 990 991 992 992 993 994 970 995 995 996 996 997 998 999 1000 974 1001 1002 1003 1004 1004 1005 1005 1006 1006 1007 979 1008 1009 1010 981 982 1011 1011 1012 1012 1013 1014 1014 1015 1016 1017 1017 1018
1019 1020 1021 1022 988 989 990 1023 1023 1024 993 1025 1026 1027 1028 1028 1029 997 1030 999 1031 1032 1001 1033 1003 1034 1035 1035 1036 1036 1037 1038 1039 1008 1009 1010 1040 1040 1041 1041 1042 1042 1043 1043 1044 1015 1016 1045 1046 1046
1019 1020 1021 1022 1047 1048 1049 1050 1051 1024 1052 1025 1026 1027 1053 1053 1029 1054 1030 1055 1031 1056 1057 1033 1058 1034 1059 1060 1061 1062 1037 1038 1039 1063 1064 1064 1065 1065 1066 1067 1068 1068 1069 1070 1044 1071 1072 1045 1073 1073
1074 1074 1075 1075 1047 1048 1049 1076 1051 1077 1077 1078 1078 1079 1079 1080 1081 1082 1083 1055 1084 1056 1085 1085 1058 1086 1059 1060 1061 1087 1088 1089 1090 1090 1091 1091 1092 1093 1093 1067 1094 1095 1069 1070 1096 1071 1072 1097 1098 1098
1099 1099 1100 1100 1101 1101 1102 1076 1103 1103 1104 1104 1105 1105 1106 1080 1081 1082 1107 1108 1108 1109 1109 1110 1111 1086 1112 1113 1113 1087 1088 1114 1115 1116 1117 1118 1118 1119 1120 1120 1094 1095 1121 1122 1123 1123 1124 1097 1125 1125
1126 1127 1128 1129 1130 1131 1132 1132 1133 1133 1134 1134 1135 1136 1106 1137 1138 1139 1107 1140 1140 1141 1141 1110 1111 1142 1112 1143 1143 1144 1145 1114 1146 1116 1117 1147 1148 1148 1149 1150 1150 1151 1121 1122 1152 1152 1153 1154 1154 1155
1156 1127 1128 1129 1130 1131 1157 1158 1158 1159 1160 1160 1135 1161 1162 1137 1138 1163 1163 1164 1165 1165 1166 1167 1168 1168 1169 1170 1170 1144 1145 1171 1146 1172 1173 1147 1174 1175 1176 1177 1178 1178 1179 1180 1181 1182 1153 1183 1183 1155
1156 1184 1184 1185 1186 1186 1187 1187 1188 1159 1189 1190 1190 1161 1191 1192 1193 1194 1194 1164 1195 1196 1166 1167 1197 1197 1169 1198 1199 1200 1201 1171 1202 1172 1173 1203 1204 1175 1176 1177 1205 1206 1206 1180 1181 1182 1207 1208 1209 1210
1211 1212 1213 1213 1214 1215 1216 1217 1217 1218 1189 1219 1220 1220 1191 1192 1193 1221 1221 1222 1195 1223 1223 1224 1224 1225 1226 1226 1199 1200 1201 1227 1202 1228 1228 1229 1204 1230 1230 1231 1205 1232 1232 1233 1234 1235 1207 1208 1209 1210
1211 1212 1236 1237 1214 1215 1238 1238 1239 1218 1240 1240 1241 1241 1242 1243 1243 1244 1245 1245 1246 1246 1247 1248 1248 1225 1249 1249 1250 1251 1252 1253 1254 1254 1255 1229 1256 1257 1257 1231 1258 1259 1259 1233 1234 1235 1260 1260 1261 1261
1262 1263 1263 1237 1264 1265 1266 1267 1239 1268 1269 1270 1271 1271 1242 1272 1273 1273 1274 1274 1275 1275 1276 1276 1277 1277 1278 1278 1250 1251 1279 1253 1280 1280 1255 1281 1282 1283 1284 1285 1286 1287 1288 1288 1289 1289 1290 1290 1291 1291
1262 1292 1293 1293 1264 1265 1266 1267 1294 1268 1269 1270 1295 1296 1297 1272 1298 1299 1300 1301 1301 1302 1303 1304 1304 1305 1305 1306 1307 1307 1279 1308 1308 1309 1309 1281 1282 1283 1284 1285 1286 1287 1310 1311 1311 1312 1313 1313 1314 1314
1315 1315 1316 1316 1317 1317 1318 1319 1320 1321 1322 1322 1323 1296 1297 1324 1324 1299 1300 1325 1325 1302 1303 1326 1327 1327 1328 1306 1329 1329 1330 1330 1331 1331 1332 1333 1333 1334 1335 1336 1337 1338 1338 1339 1339 1312 1340 1341 1342 1343
1344 1345 1345 1346 1346 1347 1318 1319 1320 1321 1348 1348 1323 1349 1349 1350 1350 1351 1351 1352 1352 1353 1353 1326 1354 1355 1355 1356 1357 1357 1358 1359 1359 1360 1360 1361 1361 1334 1335 1336 1337 1362 1362 1363 1363 1364 1364 1341 1342 1343
0 40 23 28 63 65 3 31 75 88 25 33 91 2 5 64 97 84 35 59 24 61 8 56 12 36 22 62 28 25 70 63 86 71 3 51 83 96 47 92 75 25 8 44 17 33 32 98 70 89
62 93 60 66 1 19 72 86 64 37 33 3 32 63 72 56 7 7 88 52 54 3 18 2 25 46 39 84 21 27 81 73 32 19 30 70 58 22 51 9 27 52 73 37 52 60 93 63 58 91
75 24 84 85 4 33 15 24 33 49 52 45 14 75 55 25 91 8 17 75 59 6 17 61 7 91 1 21 45 55 34 55 14 47 2 81 52 89 93 2 62 86 56 79 31 19 65 50 82 38
86 2 25 27 27 69 41 70 24 3 39 21 69 23 8 3 96 67 16 96 30 34 51 88 26 37 82 78 33 91 47 23 59 96 83 31 64 43 5 95 25 21 21 59 39 66 32 50 60 81
19 64 56 10 83 23 37 20 59 14 22 17 8 91 79 91 43 48 34 93 63 77 68 81 45 69 35 19 74 76 7 85 60 45 30 27 30 80 37 71 58 90 87 22 37 11 30 75 84 60
74 33 81 56 17 6 69 66 52 6 36 1 76 43 66 39 13 72 63 23 94 66 96 75 81 76 54 33 5 45 13 40 71 48 50 58 70 63 10 61 97 79 75 58 21 66 93 23 4 72
28 5 28 82 35 5 81 73 25 32 31 34 8 93 11 7 81 30 57 89 20 15 99 95 32 25 69 59 23 95 62 25 34 85 79 17 24 38 53 73 88 42 85 68 29 11 63 58 55 27
60 28 93 96 69 11 81 92 71 52 84 66 61 10 20 27 8 99 39 72 67 81 7 19 41 14 68 90 69 63 80 96 45 60 56 21 5 56 87 54 74 42 38 49 89 67 93 29 39 18
4 0 60 96 40 28 25 52 94 17 71 42 33 65 90 8 67 33 79 54 4 90 40 22 44 58 90 94 12 36 68 76 77 55 95 5 72 42 19 5 65 15 31 90 22 15 70 96 17 80
69 50 7 32 39 73 59 91 85 8 76 14 33 13 74 66 26 77 51 33 83 40 48 89 35 22 47 65 36 13 38 59 56 9 0 69 47 57 23 8 72 63 96 0 22 52 37 72 39 75
44 9 40 27 76 3 19 79 38 63 11 75 77 66 86 70 7 16 96 27 82 50 41 70 13 2 68 32 41 16 71 3 68 16 90 80 21 38 40 50 30 84 23 73 57 72 55 69 83 33
20 40 18 48 59 49 4 41 45 88 39 95 29 70 48 78 70 4 12 53 43 88 86 63 36 5 85 37 46 35 91 19 87 81 19 19 24 15 61 99 40 65 60 75 15 94 73 28 60 30
12 13 11 67 16 27 29 97 98 26 96 61 42 55 43 99 39 76 38 43 95 78 47 31 32 50 34 88 54 88 70 86 23 40 2 82 0 52 13 28 58 28 16 91 4 88 83 65 70 50
54 22 47 11 24 75 29 24 84 11 95 79 38 23 55 55 96 94 22 30 25 62 51 89 33 74 18 82 91 95 55 95 16 78 48 18 23 50 28 67 52 52 73 29 69 89 22 21 15 10
16 86 64 8 57 82 89 99 54 41 17 30 87 95 43 66 18 20 96 83 22 86 46 7 4 53 80 1 44 85 3 7 65 92 43 59 83 89 48 39 69 94 67 94 20 82 62 19 92 41
61 97 57 77 51 63 92 44 92 24 6 59 87 16 4 47 55 41 28 66 61 80 78 84 61 20 13 96 12 19 2 58 30 38 18 12 48 84 39 18 84 88 45 13 0 86 20 56 56 8
97 69 0 97 2 66 70 5 19 74 36 19 85 66 13 84 37 10 50 87 45 84 96 27 49 71 10 28 6 57 71 92 73 23 26 71 13 97 51 56 74 14 75 61 21 5 6 14 96 41
80 34 43 63 1 1 26 79 99 1 45 97 48 20 32 89 63 99 56 40 16 83 47 76 85 47 35 17 71 37 28 84 34 49 96 57 47 45 63 81 12 65 18 50 15 71 20 66 44 9
35 75 10 62 71 55 42 56 41 41 20 55 14 1 28 45 84 98 85 36 94 6 45 24 8 15 33 84 69 21 16 48 50 66 92 32 57 4 66 67 63 40 18 28 66 87 27 59 48 93
85 28 2 19 90 98 0 43 82 93 85 20 61 16 99 39 59 82 30 19 95 10 53 40 73 77 34 5 66 7 84 98 89 27 66 25 95 9 43 79 0 84 95 14 20 95 57 14 27 85
30 65 42 35 81 22 4 65 35 77 31 17 75 39 1 79 75 99 9 53 45 90 4 20 27 64 32 8 55 18 85 13 29 11 33 67 4 25 73 83 24 36 5 75 57 38 49 26 80 25
56 92 81 29 27 98 2 76 66 88 70 84 88 60 20 42 43 87 96 56 16 31 97 50 11 22 62 22 98 62 18 85 55 92 43 34 46 52 80 17 65 51 32 44 79 78 53 10 58 61
64 2 79 34 64 16 20 98 24 40 84 22 82 26 16 43 8 41 41 74 52 80 65 34 91 45 17 47 82 12 85 23 82 78 69 16 39 84 31 67 28 16 71 36 8 22 26 51 44 11
78 24 73 72 71 84 84 52 26 27 87 76 34 73 33 14 56 3 14 27 66 54 96 4 12 89 91 57 76 46 75 43 38 7 39 20 45 1 87 29 99 17 0 60 6 75 4 89 4 18
60 64 32 70 0 56 7 7 74 55 77 55 48 27 74 76 91 3 27 36 2 78 34 73 26 59 53 16 70 47 24 58 13 74 28 84 63 21 77 91 80 93 22 74 97 96 25 16 64 17
89 52 99 19 81 17 55 93 91 96 62 71 4 94 62 22 81 2 53 90 50 35 87 25 78 0 2 83 7 26 4 18 40 95 51 75 6 80 12 37 57 60 27 23 57 18 73 31 87 41
35 16 18 49 88 7 27 76 91 88 80 21 58 78 54 21 48 44 48 15 73 84 69 68 77 18 13 89 72 6 95 56 27 19 79 5 26 47 32 73 2 14 39 38 49 78 22 77 89 36
54 53 44 85 10 83 75 60 66 59 6 77 43 11 38 28 8 38 24 16 33 53 35 89 43 89 51 30 3 4 47 7 53 71 93 65 54 38 97 9 86 6 19 93 26 89 69 2 2 52
30 87 92 55 19 84 43 99 48 97 46 54 68 4 27 34 89 59 54 50 21 44 27 12 34 48 97 26 9 31 7 34 0 94 79 36 7 15 31 62 98 62 84 69 89 79 70 80 14 69
40 37 97 20 21 92 24 39 9 24 64 19 42 23 53 65 65 16 2 92 80 4 23 90 87 97 27 52 46 12 42 88 61 0 30 60 66 82 60 99 16 89 58 91 34 78 80 58 5 76
49 3 8 52 35 49 87 91 0 26 96 91 2 87 16 52 66 19 52 53 7 40 6 64 94 42 30 94 43 85 98 57 36 35 63 94 17 30 82 48 9 63 66 13 58 31 92 13 20 9
1 3 48 62 54 18 81 60 82 79 94 85 86 13 88 34 20 97 92 40 90 91 49 90 96 73 1 58 2 81 13 9 3 93 44 58 7 58 56 1 32 30 38 96 76 99 73 71 94 2
73 49 63 94 26 51 30 74 0 14 99 45 70 65 23 96 92 31 35 40 74 44 74 46 80 95 73 13 60 54 54 87 70 58 49 56 64 10 63 98 53 42 77 70 76 90 18 11 63 31
30 72 13 65 27 95 77 7 87 84 22 89 24 24 34 64 23 27 69 25 98 79 84 20 72 59 42 18 62 32 98 41 18 75 23 8 98 78 12 81 88 47 95 67 27 41 16 24 52 38
82 84 32 29 85 67 37 14 86 65 76 84 17 17 18 15 68 42 16 60 97 96 77 21 12 4 6 66 69 6 34 8 35 82 17 63 18 41 81 67 52 55 51 14 58 3 46 4 20 70
45 32 4 10 14 34 58 83 75 84 87 73 92 4 90 24 23 6 27 20 56 27 76 49 18 94 32 55 78 29 49 47 21 16 21 89 96 77 15 86 57 95 54 6 7 35 25 21 39 13
6 36 48 69 94 38 69 42 72 26 91 37 35 93 43 77 67 46 85 56 97 43 17 82 39 59 38 9 4 82 70 1 53 31 66 24 15 39 27 61 37 42 28 35 79 82 93 61 58 69
98 94 77 5 69 65 3 10 14 5 25 0 18 16 72 31 12 32 49 34 33 67 62 6 56 95 73 86 52 70 61 49 85 19 83 77 59 94 88 43 80 5 3 0 7 94 20 59 91 58
58 62 35 23 43 43 40 8 40 85 67 68 84 71 2 73 15 86 18 86 52 24 41 11 22 0 91 71 23 54 64 70 56 1 18 5 98 49 47 47 0 99 66 97 45 71 11 29 39 45
42 59 54 69 43 25 60 95 81 54 47 12 0 46 59 83 86 16 76 20 72 67 33 96 35 20 80 94 46 15 15 80 33 46 88 71 34 40 89 59 84 19 83 57 70 8 71 61 28 87
53 15 63 56 24 37 46 15 46 43 3 89 62 63 28 87 88 54 30 3 18 66 55 79 71 30 45 17 89 27 70 87 4 89 90 24 92 7 66 78 91 56 46 61 5 3 97 70 58 31
24 31 22 34 60 25 44 86 22 18 13 35 73 12 50 95 8 49 73 29 36 63 13 17 25 89 50 90 27 14 31 31 45 77 0 88 65 61 40 75 80 70 13 18 48 22 68 84 58 56
80 40 73 97 16 34 64 38 69 82 62 32 86 32 61 54 88 87 79 15 48 59 71 75 76 77 79 69 83 79 23 40 79 61 80 28 55 99 12 43 62 79 65 94 18 49 56 74 19 6
95 14 91 75 61 76 97 48 49 80 77 18 0 44 39 74 56 62 8 32 61 89 15 46 17 27 33 73 16 30 45 3 95 50 95 5 76 9 99 93 91 96 2 67 66 91 94 38 39 19
27 37 50 5 70 26 51 75 0 4 68 30 22 68 73 59 18 13 56 73 90 25 15 70 48 73 15 4 16 40 33 7 13 43 14 37 43 53 12 48 75 78 65 87 51 96 86 41 77 79
11 61 7 68 71 55 64 91 28 96 93 16 61 24 28 61 88 93 8 82 85 19 62 33 62 74 3 96 4 35 69 93 81 82 52 33 62 58 91 4 63 85 9 65 15 99 7 82 5 43
10 32 83 59 63 72 79 5 81 81 67 1 49 57 82 4 83 81 85 73 27 93 49 84 51 17 28 42 3 64 32 27 37 40 65 79 54 80 43 55 28 32 15 44 84 8 4 90 0 81
53 87 31 10 9 70 23 85 60 73 54 88 72 76 53 39 34 19 77 99 11 84 68 0 47 42 26 65 6 91 28 17 6 21 58 44 26 60 91 64 9 28 78 45 22 72 8 34 86 86
12 51 3 44 47 95 71 48 47 69 0 41 77 3 63 99 72 37 71 68 76 55 49 8 21 54 29 15 20 78 91 51 85 42 24 87 13 62 30 90 64 60 0 15 40 87 52 58 39 1
37 41 8 94 89 84 16 18 19 55 68 16 92 58 27 11 87 89 75 23 38 84 5 5 18 45 13 72 6 52 65 44 86 1 34 16 86 87 7 97 9 38 49 15 18 24 61 37 48 90
