18
10 2
1 1 2 2 1 1 2 2 2 1
7 1
1 2 3 4 5 6 7
10 3
1 3 3 3 3 1 2 1 3 3
10 2
1 1 2 2 1 1 2 2 2 1 1 1 1 1
10 3
1 2 1 2
10 3
1 1 1 9 2 2 2
10 3
2 2 2 2 2 2 1 2 1
10 3
2 2 2 2 2 2 1 1 2 1
10 3
2 2 2 2 2 2 1 1 1 2 1
10 3
2 2 2 2 2 2 1 1 1 1 2 1
10 3
2 2 2 2 2 2 1 1 1 1 1 2 1
10 3
2 2 2 2 2 2
10 3
1 999 999 999 999 999 999 999 999 999 999 999
10 3
1 1 999 999 999 999 999 999 999 999 999 999 999
10 3
1 1 1 999 999 999 999 999 999 999 999 999 999 999
10 3
1 1 1 1 999 999 999 999 999 999 999 999 999 999 999
10 3
1 1 1 1 999 999 999 999 999 999 999 999 999 999 999 1 1 1
10 3
2 2 2 2 2 2 1 1 2 1
