11
2
10 20
1 2
4
1 1 1 1
2 1
4 2
1 3
4
1 1 1 1
2 1
4 1
1 3
6
5 4 1 3 2 4
5 1
5 4
5 3
5 2
6 3
9
2 14 7 6 11 3 6 1 8
4 5
6 7
8 9
1 3
6 8
2 4
4 1
1 8
1
0
1
20000000
50
10781795 9557808 1853831 8423199 13742134 9391909 16578911 1493660 4495014 12643630 8281227 14100842 1245098 18524652 2988334 14561137 16666695 9299012 15862790 17721246 9922966 1225383 17847177 6262771 19901037 14907244 6631578 6927800 19177901 7008600 13196264 2973903 11068968 12618816 15130596 6490405 2343468 14699973 6213468 13011780 16035761 18356031 18155449 12593158 1363995 12257973 1752529 16612197 17458347 15297287
1 33
7 33
29 7
15 29
44 15
44 12
45 12
45 42
42 37
37 20
20 40
26 40
26 19
19 24
24 13
13 6
38 6
38 49
18 49
18 36
36 50
27 50
8 27
3 8
3 5
16 5
31 16
2 31
48 2
48 25
25 22
22 43
4 43
3 14
14 10
10 23
23 47
47 21
21 34
30 34
32 30
46 32
41 46
41 39
39 17
35 17
11 35
9 11
28 9
49
17302004 10273548 5740500 17973923 13685251 15645774 622007 1492681 4327318 3323822 14848368 13996716 15111113 7731583 5968618 4352086 11385157 4010472 15722800 13378328 14902259 15121331 2892404 8049510 13094347 14804404 4593452 2330703 19144650 14047444 4521047 7793047 15549186 16288441 2108382 2618482 396235 15495700 10244373 11687135 4683031 15349894 17699168 10705055 8220388 12126767 17928434 11570898 3110858
40 1
22 40
22 5
18 5
18 21
21 12
12 14
14 32
34 32
20 1
15 20
15 31
13 31
13 24
30 24
45 30
45 3
7 3
41 7
9 1
4 9
4 23
23 49
19 49
19 44
16 44
27 16
28 27
28 37
1 17
17 2
6 2
6 38
47 38
25 47
11 25
11 46
46 48
42 48
1 39
39 35
43 35
29 43
29 8
8 36
10 36
10 33
33 26
48
19468394 11245085 96422 2258067 19303323 8694050 17794081 8162102 18142289 5914229 15522922 10467206 1482294 14252202 5651542 1702350 11149417 15283645 11245775 14478157 9029416 15182710 7217297 4789867 15226391 19566312 8644990 17618951 8105007 16907283 17782431 3762411 10795846 18161833 4452792 3566945 18590774 12366830 17579655 7050719 9915565 13715896 10665880 2962653 5977489 9893270 5673672 5937608
40 1
1 43
13 40
40 31
43 2
43 5
35 13
15 13
31 26
20 31
2 7
2 29
5 33
17 5
9 35
35 4
15 22
16 15
26 37
38 26
19 20
23 20
3 7
18 7
29 47
29 24
33 12
39 33
17 6
17 27
10 9
9 48
25 4
4 11
42 22
28 22
16 32
30 16
37 44
14 37
21 38
46 38
34 19
19 8
23 45
23 36
41 3
19
53 908 148 709 390 629 17 695 434 219 503 759 839 251 436 723 566 625 584
6 1
1 3
3 4
6 15
4 18
4 5
5 14
14 8
2 8
10 2
8 9
16 2
13 16
16 7
9 17
11 7
12 13
19 12
