7
3 9
0 1 2 0 0 2 1 1 0
0 1 1 1 2 0 0 2 0
0 1 2 0 0 1 2 1 0
3 7
25 15 20 15 25 20 20
26 14 20 14 26 20 20
25 15 20 15 20 20 25
3 9
25 15 20 15 25 20 20 20 20
26 14 20 14 26 20 20 20 20
25 15 20 15 25 15 20 20 25
3 11
25 15 20 15 25 20 20 20 20 20 20
26 14 20 14 26 20 20 20 20 20 20
25 15 20 15 25 20 15 20 20 20 25
3 13
25 15 20 15 25 20 20 20 20 20 20 20 20
26 14 20 14 26 20 20 20 20 20 20 20 20
25 15 20 15 25 20 20 15 20 20 20 20 25
3 15
25 15 20 15 25 20 20 20 20 20 20 20 20 20 20
26 14 20 14 26 20 20 20 20 20 20 20 20 20 20
25 15 20 15 25 20 20 20 15 20 20 20 20 20 25
3 9
909459 479492 676924 224197 162866 164495 193268 742456 728277
948845 455424 731850 327890 304150 237351 251763 225845 798316
975446 401170 792914 272263 300770 242037 236619 334316 725899
