13
4 2
0110
4 2
1001
9 3
010001110
9 3
101110001
10 3
0101110001
10 10
1111111111
11 10
11111111110
91 21
1111111111111111111100000000000000000000000000000000000000000000000000000000000000000000000
27 23
110101111111111111111111111
93 6
010011000000110001001111011111100101011011100000100001011011100000110111110011011100111011010
62 31
00000000011111111111111111111101111111111111111111111111111111
64 32
0000000001111111111111111111111011111111111111111111111111111111
66 33
000000000111111111111111111111110111111111111111111111111111111111