1045
-1 4 2 16 2 0 2 16 2 16 1 23 29
17 -1 4 18 5 7
12 5 -1 31 31 37
0 32 3 -1 3 10
21 3 1 0 -1 0
0 1 40 0 6 -1
46 11 1 24 32 17 -1 25 10 36 10 1 16 48 1 26 5
21 12 4 18 24 4 1 -1 22 4
23 0 0 34 6 0 37 3 -1 1 37 45
0 16 -1 37 20 21 12
16 -1 36 38 4 7 16 1 30
16 4 28 12 20 -1
40 4 47 7 30 -1 0
15 23 1 19 48 6 36 25 17 42 2 14 45 -1 17 7 26 20 0 20 21 17 6 15 17 6 15 17 25 1 24 34 12 48 4 1 40 2
21 3 13 28 16 0 -1 1
-1 9 4 2 34 19 13 1 21 3 13 7 0 1 9
23 20 1 33 0 1 37 3 25 31 1 2 37 1 13 6 -1
3 -1 2 2 26 34 0 38 9 20 26 14 26 2 20 6
16 29 -1 16 21 12 29 16
46 11 11 7 0 11 -1 22 10 2 2 18 13
-1 10 37 13 22 14 21 37 4 2
7 48 14 -1 0 18 15 48 22
45 19 10 5 2 0 25 0 -1 42 12 5 2 36
12 48 1 38 13 24 -1 25 20 1 1 37 13 1 22 23 2
1 0 37 2 37 20 -1 18 5
45 12 12 5 0 5 1 46 19 27 -1 12 19 13 14
21 19 13 22 2 -1 34 38 13 0 29 39 1 0 29 0 31 2 45 2 27
39 2 13 -1 2 13
0 5 22 2 1 1 -1 0 5 22 2
18 5 -1 0 11 10 0 36 1
46 11 -1 7 0 17 11 9 20 33 12 48 36 42
21 0 5 4 6 0 1 0 5 -1 0 18 9 20 2 0 1 2 0 37 13 1
-1 24 15 1 0 13 21 46 1 17 1 1 0 9 20 1
3 27 22 10 2 0 21 3 10 2 20 -1 38 5 4 18 0 9 1 18 5 2
5 6 0 4 7 1 -1
18 5 22 4 25 12 31 12 5 23 3 -1
7 26 3 10 2 4 -1 1 18 21 1 2 16 1 16
7 3 10 2 16 31 31 16 1 46 11 25 6 3 25 43 16 2 -1
1 2 11 24 0 -1 5 45 17 9 27
0 7 47 -1 12 5 18 4 9 20 0 9 20 1 9 20 29 0
15 38 28 37 4 28 22 7 -1 29 0 7 0 1 43 0
12 -1 2 10 4 1 4 6 12 1
13 29 0 23 15 2 26 21 12 -1 16
9 -1 43 6 26 2 2 1 24 11 2 24 11 2 36 24 1 37 9 43 6
17 38 13 47 13 15 0 24 -1
19 27 22 24 0 48 42 5 21 19 0 1 0 1 19 13 18 3 1 22 0 24 -1
4 6 15 10 -1 2
17 10 4 6 19 31 19 1 45 19 3 -1
17 18 15 -1 0 2 1 18 38 13 13 2 1 2 16
17 43 10 -1 7 15 2 42 7 1 2 0 6 23 18 25 27 14 11 1 27 14 26
17 7 42 2 29 -1 2 27 12
21 17 -1 2 2 27 12
-1 5 22 2 27 21 12 5 34 0 5 2 7
3 -1 10 4 6 1 3 10 2 20 2 7 18
-1 5 22 34 12 5 12 5 12 5 1 23 0 2 47 1 6 44
17 -1 22 39 34 11 1 12 5
21 46 11 33 11 9 44 1 3 10 -1 27 16 2 15 2 40 1 35 8 41 8 40
4 11 10 12 23 -1 11 12 21 11 18 12 20
16 10 2 33 15 1 11 47 -1 29
19 10 2 7 4 1 1 7 4 -1
-1 12 5 22 0 15 0 31 4 48 2 20 28 1 7
3 20 7 6 34 38 13 4 6 38 21 38 20 37 13 11 25 10 13 21 12 5 1 46 11 38 -1 18 2 24 11 25 18 12 9
12 5 42 11 10 2 0 -1 12 5 22
3 10 2 38 20 7 1 -1 2 2 2 1 2 26
17 18 13 21 17 28 18 19 13 7 -1 1 2 24 39 1 24 0 29 37 2 44 1 37 13 14 26
17 9 11 4 6 34 17 18 5 0 2 0 37 13 -1 1 29
39 6 -1 5 0 0 3 29 35 1 29 37 3 13 4 0
38 13 -1 0 2 15 4 2 2 0 6 7 26
1 3 13 29 15 -1 48
5 7 21 48 29 15 1 -1 0 1 14 2 0 0 6 0 37 25 20 34 38 13 37 25 20 1 37 20 34 19 13
-1 4 6 0 17 3 25 27 24 18
3 -1 47 40 40 40 1 19 44 2
-1 2 4 44 2 16 1 38 13 37 11 25
0 5 0 21 3 25 15 1 -1 39 2 12 15
0 9 -1 14 0 14
0 4 1 -1 30 5 2 36
38 5 40 4 40 4 -1
5 2 15 37 4 37 12 -1 4 14
-1 10 11 10 4 4 11 25 7 1 10 4 29
12 5 12 5 1 17 3 -1 28 15 1 3 9 10 4 4 2 40
3 10 4 1 0 -1 17 0 37 13 7 15 9 7 0
-1 27 22 45 2 27 2 27 12
5 0 37 11 9 10 -1 1 5 2 2 13 40 1 2 0 37 3 10
7 3 10 0 7 -1
-1 13 28 49 8 8 30 1 24 2 27 15
39 -1 0 2 27 15
18 14 0 2 2 2 -1 0
11 10 2 -1 13 0 1 0 9 0 14 11
12 5 22 4 -1 5 4 34 19 13 0 14
19 7 15 5 0 -1 0 5 0 1 15 5 0 12
11 33 0 6 0 19 -1
-1 14 0 1 0 18 16 13 2 1 18 19 4
15 5 -1 6 37 0 27 31 4
3 25 12 3 25 12 21 11 -1 4 9 30 1 12 1 36 15
23 18 5 -1 3 13 14
22 25 20 1 -1 22 25
-1 48 2 1 34 12 5 42 38 5 42 5 0 48 2 36
14 12 48 2 27 24 42 11 45 -1 27
3 9 22 -1 2 42 1 43 0 0 10 2 27 45 12 14 0 1 14
3 47 1 -1 2 0 25 20
12 20 -1 4 42 4 12 20 2 4 7 0 7 0
3 42 22 20 2 -1 3 25 42 3 1 3
10 2 27 18 -1 2 27 18 1 16 7 0 24 6
16 7 16 33 0 1 7 -1 16 16 1 0 46 22 6 6
6 0 9 20 1 -1 6 0 12
1 -1 18 6 10 28 7 0
14 -1 39 2 4 1 33 0 22 12 1 15 5 45 0
17 45 1 13 5 2 18 -1 31 4
-1 0 2 18 17 4 1 17 11 2 27 12
11 46 11 33 0 24 15 11 25 11 25 0 45 0 1 17 4 -1 3 10 2 20 2
27 12 1 3 9 -1 36
17 0 9 20 11 27 22 45 11 13 14 -1 24 1 29 3 25 28 1 3 25 0 0 1 0
-1 2 15 17 2 2 4 1
2 1 0 0 2 -1
6 43 2 0 1 2 -1 2 4 2 0 6
39 6 15 -1 17 11 5 4 5 4 5 1 7 7
1 18 21 19 27 22 -1 1 5 7 0
23 0 2 6 33 30 2 -1 2 39
23 15 7 0 1 0 39 19 39 19 39 38 5 28 7 0 1 1 -1 0 2 20 9 12 5
23 17 3 2 47 28 6 -1
3 13 4 1 3 13 2 1 -1 3 10 2 16 1 16 1
1 -1 2 16 14 0
23 24 -1 36 1 27 16 2
46 3 15 -1 25 16
17 1 16 0 7 26 13 -1 0
19 0 10 2 20 -1 3 13 7 0
-1 2 6 2 11 4 6 3 16 33 0 31 3 15
12 5 -1 2 34 13 0 13 38 21 19 13 0 13 0 13 1 2 44 1 3 10 2 2 15
16 48 16 48 21 0 32 0 10 1 0 -1 44
17 6 15 33 7 0 23 17 9 22 -1 37 17 11 11 45 17
17 0 6 0 21 0 19 18 1 -1 1
23 17 24 15 1 -1 13 2 0 1 2 18 3 13
45 17 2 5 22 0 37 17 11 21 2 3 25 2 24 1 0 6 -1
17 12 5 33 0 -1 4 6
16 18 -1 4 7 26
-1 7 0 32 24 36 36 47 10
34 19 2 19 -1 4 19 2 30 1 5
42 19 -1 22 20 2 0 19 0
15 41 8 8 8 1 17 7 -1 0 6 2 48
1 -1 9 29 0 0
-1 5 5 13 8 8 8
12 5 0 1 19 -1 19 0
38 13 28 34 13 23 19 13 14 19 13 28 7 30 23 30 -1 36
38 13 28 13 23 0 48 36 1 23 19 13 34 46 19 13 8 8 1 11 4 11 13 22 18 5 -1 34 11 2 8 8 1 11 10 2 2 19 30
-1 10 15 14 23 45 3 9 27 5 3 9 0 14 40 8 8 8 2 35 8 8 8 8
1 -1 0 5 35 8 8 8 8 3 9 18 2 35 41 8 8 8
23 3 -1 28 0 1 11 27 22 10 2 23
21 0 6 28 0 5 18 -1 5 2 20 28 14 0
3 -1 2 18 2 24 15
17 10 15 24 1 48 2 1 9 20 2 41 8 -1 8 31 15
5 18 24 3 25 0 -1 3 25 0 6 1
38 5 4 6 2 1 19 -1
3 15 1 3 13 -1 6
0 32 3 -1 8 8 8 2 16 23 3 25 2 28 15
3 13 0 6 23 18 3 25 44 31 34 11 27 4 11 4 11 0 40 -1 0 1 0 25 20 1 7
21 6 44 3 25 44 31 3 25 0 29 -1 3 25 27 0 4 29
-1 17 43 9 0 1 14 20 2 4 2 30
21 -1 18 28 5 22 0 2 0 37 34 30 13
19 10 42 30 10 36 42 38 10 42 1 23 31 4 -1 10 29 30 37 19 1 19 4 31
15 5 18 -1 10 2 1 34 13 22 23 2
21 17 11 3 9 1 -1
-1 0 3 13 4 29 5
5 39 6 0 37 5 33 0 6 4 11 13 4 14 0 -1 0 42 11 13 4
0 48 1 15 4 6 13 2 7 26 35 41 8 -1 8
39 7 -1 18 5 2
3 10 23 47 42 -1 4 1 17 43 6 44 1 30 14 1 14 15 7 30
21 22 43 20 1 22 -1 30 6 34 0 14 0 14 7 5
14 7 0 7 3 10 8 8 14 21 41 8 8 8 2 27 1 -1 6 44 10 31 31 43 5 2 30 19 10 12
21 38 5 18 3 25 41 8 8 8 23 4 2 20 1 3 -1 40 1
17 -1 17 7 1 2
34 14 -1 12 35 41
17 2 40 -1 4 6 4 2
45 17 14 5 -1 14 2
27 22 11 4 23 12 5 4 37 17 47 9 24 1 37 3 34 3 43 1 3 0 0 -1 30
-1 22 43 0 15 39
0 21 17 29 1 22 34 -1
-1 14 22 7 5 27 22 36
38 13 47 36 3 13 4 14 43 16 42 22 11 2 42 42 0 42 11 2 1 29 -1 0 38 13 47 2 22 21 43
1 11 27 27 34 18 11 36 -1 1 18 17 11 12 14 2 11
39 5 0 18 10 0 6 7 0 34 16 -1 4 6
-1 10 35 21 17 18 10 22 33 0 6 0 34 3 10 0 6 14 7 16
23 46 11 33 12 32 -1 49 8 8 8 7 0 26 31 17 11 3 10 35 41 8 8 8 28
1 12 -1 0 6 16 16 2 1 16 2 31 47 31 14 1 0 14 0 2
38 -1 47 14 0 2 10
12 44 14 0 -1 44 2 0 1 44 44 2 1 30 1 0 1 0 9 1
1 5 39 6 4 -1
12 15 5 0 19 13 1 11 12 29 0 34 12 5 2 20 23 11 -1 42 11
0 7 0 -1 2 27 12 40
40 6 15 2 0 2 1 38 -1 5 34 5 4 1 0 6 44 0 2 12
19 1 19 0 1 19 7 5 1 -1 1 23 15 36 4
0 48 41 1 28 6 -1 13
11 10 -1 7 16 12 5 14 16
-1 10 2 29 15 21 3 10 2 0 0 1
3 7 35 41 8 8 8 26 33 16 1 3 13 -1 0
0 32 3 9 41 8 8 8 1 18 5 4 6 34 -1 6 26 35 8 8
3 13 39 0 32 1 43 41 8 8 8 9 2 -1
41 8 35 16 -1 7 35 8 8 8 26 28
21 3 27 15 3 -1 0 33 0 1 0 9 1 0 6 9
21 15 5 22 0 34 3 2 15 1 41 8 35 17 0 30 34 0 9 28 1 16 1 16 13 28 24 1 47 6 16 2 2 1 -1 0 1 0 2 40 4
17 3 31 47 31 2 10 -1
5 2 -1 15 22 20 40 0 3 10 2
21 12 5 12 5 -1 5 37 17 2 3 21 7 6
14 3 -1 7 4 6 16 33 43 1 34 6 18 16 48 1 3 10 48 4
17 4 24 1 39 -1
11 11 10 0 -1 13 39 0
27 -1 0 33 35 8 8 18 34 45 35 8 8 5 45 47 13
46 11 0 38 11 13 2 10 9 20 21 23 27 11 -1 17 21 3 2 0 1 2 36 16
21 33 0 3 18 12 5 18 0 -1 16
3 0 8 6 0 13 13 1 46 11 38 12 5 0 7 0 12 5 0 12 5 0 -1 6 0 12 5 1 3 20 18
3 10 -1 0 3 10 36 29 0
0 3 -1 40 35 8 8 2 41 8 8 8 18 5 6 2 0 1 13 33 18 1 3 10 33 0
21 3 10 2 20 6 0 29 34 19 0 -1 1 46 3 0 3 13 2 0
3 13 0 2 43 6 2 44 2 30 1 3 10 2 -1 7 3 16
33 0 6 0 3 -1 2 1 34 19 16 1 26
46 11 33 45 3 13 -1 0 3 13 33 0 3 10 2 20
13 19 13 42 22 -1 22 21 22 23 6 18 19 13 14
-1 33 15 3 2 4
3 2 0 14 0 36 0 19 24 2 1 15 5 -1 29 1 9
9 24 23 31 2 14 1 23 18 11 10 4 24 4 19 1 18 5 -1 4
15 5 37 -1 9 24 0 1
21 17 11 29 -1 34 3 13 29 22 18 9 42 34 0 5 22 0
10 15 14 4 21 -1 1 13 15
19 13 19 13 1 19 13 24 39 7 1 17 -1 9 20 0 14 0 41 8 32
12 5 4 4 7 16 1 0 2 6 0 5 2 -1 1 37 19 27 7 21 37 3 25 27 7 26 23 18 3 25 4 14 7 2 16
21 46 3 27 18 3 10 2 -1 46 3 0 6 0 12 9 22 23 42 19 2 1 3 9 10 2 16
3 9 1 0 21 3 10 2 7 23 18 3 10 0 1 0 -1 1 2
15 5 -1 3 27 12 2 21 16 0 12 5 12 5 12 5
12 48 3 -1 1 3 10 14
17 44 21 17 15 38 5 2 -1 11
7 26 48 8 -1 40 6 44 13
47 6 44 40 16 37 10 1 1 -1 48 2 47
-1 11 32 21 0 37 3 10 29 5 6 0 1 17 9 11 39 0 1 0 7
6 11 -1 18 15 5 4 6 35 8 29 0 42 29 0 21 28 35 8 29 12 43 6
15 5 34 11 10 15 24 43 0 -1 43 0 2 12
24 1 6 -1 1 4 1
0 -1 37 17 2 24 11 2 3 13 16 16 5 16 3 2 14 39
0 32 17 38 9 20 47 2 -1 12 5 18 5 31 3 1 1 16 0
3 2 2 20 14 2 2 -1 1 2 20 2 31 31 21 38 9 20 4 36 42 9 29
0 3 10 12 37 17 48 -1 2 44 44 4 44 0 1 0 1 2 10 2 47
0 -1 18 43 13 1 2
-1 32 10 1 23 3 10 37 10 2 0 6 2 14 1 24
3 32 3 10 41 8 8 8 8 8 -1
23 3 10 4 6 43 6 0 -1 29 30 24 1
15 5 22 -1 5 1 12 5 4 2 2 1 30 1 5 7 44 2 20 2 2 1 2 2
42 3 10 13 0 44 -1
15 5 -1 2 17 27 22 2 0
42 11 44 14 4 1 7 4 -1 36 30 1 2 30
18 5 17 3 -1 4 2 0 6
0 32 -1 5 2 20
16 5 2 36 1 38 9 20 37 -1 10 37 3 10 2
3 9 29 16 12 0 21 0 1 17 -1 37 3 9 20
39 5 2 -1 24 1 24 14
47 46 11 13 -1 11 10 7
-1 1 23 29 14 21 14 17 3 25 27
19 20 42 19 10 1 17 7 0 6 6 0 3 13 -1 15
5 10 1 -1 13 7 30 8 9 10 39 42
11 10 15 11 -1 18 11 1 11
12 5 22 18 -1 0 35 8 1 0 5
11 10 12 14 0 6 -1 0 0 9 11 0
1 -1 31 31 11 25
-1 0 25 20 4 6 1 0 19 34 19 19 0
42 19 0 17 15 21 17 12 2 37 5 22 0 12 5 2 20 34 -1 11 27 18 9 1 28 9 29
17 18 3 28 1 14 15 0 1 0 -1 23
12 5 0 37 0 -1
45 12 5 11 -1 4 11 13 11 25 6 2 0 21 11 4 11 13 2 0
12 -1 28 11 10 28 1 11
3 9 15 37 5 1 11 10 2 20 32 -1 13 14 15
3 9 12 -1 18 11 25 33 0 6 8
34 11 10 42 42 0 6 8 12 5 2 36 -1 11 10 22
11 10 15 0 11 0 17 0 9 -1 1 11 10 2 1 3 9 0 2 11 2 20 2 10 4 6
3 9 0 2 -1 23 18 4 6 25 7 0 1 25
3 9 0 23 18 12 28 1 3 9 14 0 28 24 23 18 24 42 -1 20 11 9 28
3 9 44 1 31 3 -1 44 3 25 2 1 3 25
3 10 2 20 34 11 27 22 2 -1 0 0 10 36 4 6 0 1 1 12 5 4 14 44
21 3 -1 27 3 9 27 1 5 29 12 1 19 9 0 29
23 15 -1 39 3 25 16
0 48 2 -1 24 10 24
19 20 19 20 -1 39 6 23 47 21 19 10 1
0 9 22 0 21 44 30 1 -1 0 23 18 19 0 1
39 5 37 -1 20 7
12 4 1 12 5 -1 24 12 48 8 8
17 -1 17 12 1 17 38 15
12 5 -1 6 39 6 30
23 12 18 -1 20 4 21 11 25 10
21 38 5 4 -1 7 6 0 1 17 14 2 30 7
23 3 9 7 0 1 7 0 1 -1 9 2 0 6 0 23 18 0 37 9 44 2 30
15 5 37 0 6 9 27 24 0 2 0 34 15 5 -1 47
-1 48 2 2 2 24 16
-1 39 6 4 22 29 0 5 0
23 45 19 27 19 4 1 19 12 -1
0 5 -1 37 5 7 1 12 5 2 24 42 23 12 48 4 6 35 6 1 19 13 2 0
11 44 1 -1 5 7 0 0 0
19 34 19 10 -1 24 1 2 27 45 2 1 24 19 1 19 13 2
11 0 13 1 0 5 23 -1 10 4 33
23 46 11 10 4 1 -1 38 7 1 10 4
23 -1 9 27 16 31 0 21 0 2 15 1 24 15
3 9 16 16 12 5 0 12 5 0 -1 23 29
1 3 9 27 28 14 37 10 31 -1 3 9 36 16 2 0 18 5
21 3 27 43 3 10 2 20 18 3 27 22 -1
0 6 -1 12 5 7 21 5 12 7 12 5 4 5 0 5 1 4 4 0 40 44 7 0 21 12 22
1 23 0 48 -1 48 14 47
12 -1 12 5 2 20 1 19 27 12
19 13 0 23 1 0 -1 22
7 46 11 0 5 38 2 -1
7 26 46 3 5 2 20 -1 2 6 0 23 17 0 5 27 22 0 1 4 6 1 34 18 5 14 2
16 5 22 12 5 -1
-1 2 18 3 27 22 10 2 34 0 5 38 1 46 3 25 29 0
0 48 7 -1 5 0 11 25 1 0 2 34 11 13 44 1 12 9 2
26 25 46 39 -1 16 1 2
3 9 1 -1 9 10 0 37 14
17 10 6 31 -1 24 2 11 3 25 0 6 16 21 44 2 24
3 9 27 12 24 24 24 23 47 22 21 34 31 3 3 9 9 1 3 9 10 2 2 44 1 -1
21 0 5 3 -1 1 3 10 4 2 24 17 3 10 0 1 0 2 3 13 0 15 22 0 24 0 12 5
19 10 26 5 34 -1 5 16 5 16 13
45 26 9 12 20 9 3 2 0 6 0 1 23 47 1 42 9 3 16 31 12 9 16 42 9 3 -1 5 4 37 19 10
30 8 17 14 30 -1 17 47 6 0
17 19 22 34 12 0 8 21 34 12 0 1 19 4 6 26 -1 45 12 5
7 48 36 23 17 44 18 3 13 2 16 18 3 45 29 45 16 29 1 45 16 29 1 3 9 0 37 13 14 -1 14 44
33 0 14 -1 33 0 15
19 2 17 19 19 18 3 0 2 27 15 -1 17 25 11 19 13 2 45 3 9 27
46 17 44 17 2 -1 26 9 27
23 -1 27 0 23 18 19 2 3 2 10 1 26 2 34 18 5 45 16 29
45 3 -1 5 27 22 12 14
12 5 0 6 4 47 32 24 -1
11 2 0 14 4 1 11 2 0 7 16 1 17 46 11 13 11 11 2 26 11 17 2 20 34 15 5 -1 38 13 12 7 0
17 16 15 -1 47 7 0 15 1 16 26 5 43 0
46 11 40 0 40 0 43 0 6 0 1 0 1 23 29 17 3 10 39 37 3 10 2 33 15 1 0 5 15 45 6 26 27 3 2 20 41 8 32 40 27 3 2 20 39 37 5 1 37 36 -1 0 42 13 3 14 26 2 20 21 40 23 47 43 12 5 22 2 20
11 25 21 4 12 9 7 38 5 14 2 20 2 14 2 -1 14 7 0 2 2 1 14 1
46 3 2 2 20 11 4 2 1 2 14 0 12 -1 42 1 2 16 1 23 18 0 5 38 14 2 27 37 14 26 1 14 2 14 4
-1 18 2 26 5 4 14
3 10 18 3 25 27 12 3 22 20 1 -1 10 0 2 37 5 7 26 1 31 0 29 26 0 45 26 25 20
3 12 16 34 3 16 2 36 7 4 7 4 37 19 13 6 1 37 5 -1 44 2 2 0
12 5 -1 29 37 3 13 1 3 13 29 0 7 26 2 16 16 1 23 29 0 32
17 9 22 43 21 17 2 24 11 2 11 4 6 -1 37 3 13 1 19 13
2 1 19 1 -1 37 5 7 26 5 2 23 11 13 22 19 1 0 21 11 13 0 2 0 1 0 7 26 39 36
11 10 22 15 6 -1
12 5 12 -1 0 34 38 5 4
3 -1 7 0 2 2 16
-1 25 11 25 34 11 10 0 23 3 25 10 4
34 15 5 26 1 0 5 2 20 7 26 23 4 7 0 7 26 -1 11 25 7 0 14
15 5 -1 21 12 5 4 29 0 6 0 7 4
0 -1 1 19 1 1 19 10 29 0
0 -1 7 7 32 1 17 22 18 4 7
7 3 10 -1 29 21 17 15 5 0
18 5 7 15 1 12 -1 1 45 5 12 5 28
19 19 10 1 15 -1 11 5 4 1
19 22 19 13 38 34 0 5 24 0 7 1 0 1 10 40 2 7 0 1 19 -1 0 2 4
0 5 1 17 -1 9 20
12 5 7 1 9 20 -1 8 35
3 13 15 39 5 38 41 35 21 47 28 13 36 -1 1 12 5 15 5 0 6 39 6 0
23 16 16 9 20 -1 19 9 22 20 21 19 9 20 7 34 3 13 2 10 0 43 12
-1 9 20 41 8 35 41 1 46 11 11 9 10 1 12 5 22 2 20 33 3 13 2 10 1 33 0
15 -1 5 1 3 9 10 15 7 47 7 26 7 0 0 7 0 1 3 9 44 43 36 2 4 7 0
23 -1 13 2 26 1 21 28 16 5 16 0 6 1 0 2 1 0 2 1 2 26
3 9 20 4 28 12 9 20 4 21 3 10 -1 0 18 1 0 18
3 13 16 -1 1 1 16 6 16 1 16
3 13 -1 6 6 4
3 38 4 2 12 1 12 5 2 -1 40 3
12 5 12 5 12 5 -1 3 13 0 6 2 30 1 42 42 0 32 6 1 19 24
17 0 6 26 1 17 4 1 -1
12 4 7 0 4 5 29 1 -1 17 4 6 45 34 12 24
1 -1 45 26 31 4
38 13 -1 16 38 13 3 7 16 1 7 16 33 1 7
16 2 19 -1 7 0
19 10 0 2 -1 1 19 2 1 14 0 6
3 1 1 4 6 -1 5 22 1
12 5 0 6 45 19 -1 12 14 44
18 5 5 -1 26 2 1
19 2 41 8 35 34 18 5 -1 8
0 25 40 42 37 -1 26
19 7 23 19 10 8 8 8 8 1 17 10 22 43 6 44 21 17 -1 2 24 11
39 5 4 -1 7 35 49 35
17 45 1 17 36 1 6 0 -1 12 2 4 14 15
1 17 31 31 3 -1 40 0
17 29 0 -1 33 4 6
14 6 2 -1 0 1
-1 1 0 6 0 6 0 0
18 5 39 6 26 1 -1
28 5 0 6 35 49 49 26 -1 15
17 -1 2 0 12 33
3 0 38 15 6 1 0 31 -1 6 7 30
0 0 31 -1 0 6 26 38 33
17 46 -1 0 23 17 9 12 24 11
0 0 2 22 0 0 6 0 2 31 39 1 7 15 3 -1
-1 5 45 17 14 7 0 1 22 23 6 0
31 -1 0 6 16 3 2 16
3 2 20 4 1 18 1 0 -1 18 2 1 27 14 1 27 14 0
12 29 18 3 10 1 18 -1 1 22 14 21 14 1 24 1 0 31 31 0
38 13 47 -1 14 1 14 2 1 47 2
29 2 27 14 1 -1 4 2
-1 1 5 14 0 6
15 5 1 5 7 7 0 -1 0 7 7 0
7 0 1 17 45 5 7 2 24 45 17 10 -1 33 0 7 12 14 15 5
48 14 1 -1 5 5
5 2 1 2 -1 26
4 1 2 36 -1 0 22 7 0 1 0 1 2 20 0 7 0
-1 0 36 2 1 22 12 29 14 21 7 15 0 1 7 1 5 7
5 -1 0 5 7 0 1 7 0
5 45 3 27 11 27 15 0 17 2 20 5 2 29 1 12 5 18 -1 6
-1 4 12 5 4 17 1
19 -1 22 38 13 47 28 44 1 22 23 1 19 13 6 3 25 3 2 14 16
16 15 5 22 2 -1 26 2 29 2 0
16 5 -1 47 28 1 2 15 26 30 23 18 19 15 15 2 29 16 14 0
3 25 1 3 15 4 3 43 3 22 21 -1 1 3 22 10 1 21 1 3 22 1 21 16 1 16 3 4
31 39 2 2 4 14 26 37 -1 20 16
3 10 4 33 1 3 0 4 1 -1 1
26 0 3 22 -1 0
3 4 2 18 0 -1
0 1 0 26 2 0 17 19 -1 1
1 -1 10 0 1 2 4 1
12 4 -1 3 2 0 3 16 24 26 6 1
3 -1 41 8 8 24 1 4 2 0
33 0 17 24 4 29 -1
4 0 2 11 14 -1
17 -1 43 2 45 26 27
3 -1 4 6 41 40
0 2 -1 14 0 0
17 18 16 0 -1 45 3
3 18 0 48 2 -1 0
21 5 22 0 7 -1
-1 47 13 0 6 15
12 -1 29 40 0 1 1
19 2 -1 42 2 0 2
0 1 10 1 21 19 13 -1
1 0 10 0 -1 0
19 13 1 19 2 -1
21 0 48 31 1 48 -1 9 1 9 22 0
-1 3 13 7 4 14 0
3 20 18 -1 9 2 24 39 1 18 0 37 48 0 14 23 9
-1 27 22 4 1 14 9 42 38 9 20 1 1
3 43 9 24 1 0 1 -1 2
7 5 43 0 28 -1
3 10 2 -1 29 16 24 43 16 16 1
19 -1 20 24 14 0
-1 9 20 2 16 15 7
3 9 20 -1 27 28
14 0 12 48 -1 2
48 4 6 4 6 -1
3 10 24 0 14 41 41 32 41 -1 8
18 5 15 37 5 17 24 -1
3 24 0 33 1 0 -1
-1 18 17 2 24 2 16
1 13 -1 1 47 6 0 0
21 6 30 -1 0 1 0 2
0 6 1 -1 46 2 42 2 0
10 2 45 48 2 -1 2 0
48 18 2 16 35 -1 41
3 10 24 -1 2 1
17 18 24 1 3 25 29 -1 1
0 6 16 24 10 -1
46 1 -1 25 1 29 16
16 10 30 -1 7 1 26
16 1 13 2 -1 1 2
7 17 -1 45 44 45 0 5 1 11 25
17 16 1 10 1 45 -1 25 27 2 1 45 0 5
1 16 6 7 4 33 7 -1
-1 4 1 10 25 36
11 25 20 1 1 25 20 -1 29
1 13 -1 0 5 29
3 9 2 -1 25 44
17 10 33 1 -1 4
34 3 10 28 1 -1
21 4 5 34 13 1 37 3 13 2 10 28 6 1 -1 2
10 -1 14 3 10 16 1
33 0 36 2 -1 7 16 1 14 1
7 32 3 -1 2 11 24
0 13 28 1 -1 5
11 46 11 10 42 -1
46 11 10 2 2 0 42 4 -1 11
2 -1 8 8 8 8 8 40 1 0 2 8 8
18 16 -1 1 0 19
21 34 6 19 2 37 5 1 25 -1 30
-1 3 28 6 9 10 42 42
21 3 25 2 4 -1 3 6 16 1 36 24 16
17 43 6 9 4 6 -1 0 14
3 -1 2 43 24 6
14 0 -1 0 17 10
12 29 1 -1 2 0
12 1 14 0 -1 30
12 5 1 24 28 -1
11 19 10 4 23 11 25 4 7 1 0 22 -1 2 36 1 20 0
38 5 4 1 1 -1 0
7 48 23 18 0 19 -1
-1 40 21 19 40 1 1
21 11 27 22 10 2 34 3 13 -1 26 7 1 41 8 41 8 1 4 32 41 8 41 7 1
1 3 9 38 13 -1 26 3 10 14
-1 10 16 42 2 6
19 -1 6 42 11 12
46 11 27 6 4 6 8 8 -1 8 8 14 36 2 32
9 28 33 8 8 4 1 12 9 -1 31 31 11 22 32
-1 9 7 41 8 41 8
12 9 43 -1 35 49 8 1
0 9 -1 14 1 23 18 25 30 6
46 11 13 -1 49 8 11 25 2 2
12 5 -1 21 11 25 1 17 11 9 27 23
34 11 9 -1 2 0
0 9 23 11 -1 4
21 -1 12 9 11 1 28 6
18 15 -1 0 6 2 2 0
11 13 12 11 -1 20 21 12 5 22 23
46 11 11 13 -1 9 20 1 11 20 34 11 10 1 22 20
13 21 16 32 -1 22 32
31 47 31 35 7 41 6 9 -1 7 16 20 2
6 0 11 -1 11 9 18 15 5 0
-1 5 17 25 43 6
13 -1 0 2 16 0 32
39 20 34 19 12 1 -1 5 2 11
0 14 0 6 7 35 49 49 42 6 0 7 -1 32 6
19 6 30 7 -1 2 7 26
3 0 2 0 14 -1 1 2 44 7 30 32
8 8 8 8 10 1 -1 12
3 -1 3 18 4 0
3 35 -1 8 1 35 49 49 35 8 8 42 41 8 8 29 30
4 36 -1 22 0 31 0
19 0 32 6 0 35 49 8 1 35 -1 8
7 35 49 49 26 -1
0 0 18 1 0 -1 0
0 -1 0 24 1 1
14 7 0 35 49 -1 18 44 14
19 2 7 21 2 0 7 -1 2 0 6 0 2 0 6 4
19 0 -1 18 0 1 0
39 18 0 1 0 -1 1 6 4 1 29 0
1 0 -1 29 35 49 49 4 33 0
31 0 40 -1 7 4 7 0 6 4 38 4 6
5 4 7 16 -1 4 7 0 6 26
15 7 0 35 49 -1 13 0
38 13 8 8 -1 8 8 6 0
17 2 20 39 6 -1
0 1 6 -1 1 30 10 1 14 44 0 36 19 45 33
19 -1 6 1 24 30 2 4
19 0 -1 0 0 1
0 1 31 -1 40 26
-1 0 0 2 26 2 4
0 28 -1 1 28 34 7 0 8
31 3 0 -1 6 0 1 1 1
19 7 30 14 4 1 19 -1 1 28 6 0 13 7 30 8
19 10 -1 42 9 20
19 13 33 30 1 14 -1 31 19
0 9 22 20 31 31 14 -1 7
28 12 9 -1 14 0 1 30
-1 5 22 0 21 12 5 4 6 40
16 13 28 1 1 25 10 28 -1 18 30 13 6
0 46 -1 33 15 11 9 15 5 4 37 5 4 40 0 1 38 5 4 38
11 2 4 -1 2 20
-1 4 42 2 12 11 2 20
3 -1 0 7 0 25 2 30
7 25 2 4 1 0 -1 36 2 8 6 30
1 7 11 -1 22 4 11 4
42 4 34 18 -1 43 11 25
7 26 11 4 11 14 6 6 1 0 -1
19 4 6 8 8 8 -1 30
31 4 6 5 45 5 31 1 7 15 19 -1
14 32 19 7 30 14 -1
23 -1 10 22 2 6 14 30 14 0 42 0
12 5 22 14 -1 14 4 6 40 43 6
19 2 40 0 1 1 2 10 4 18 20 -1 19 46 24 30
20 8 32 1 25 28 8 8 8 8 -1 7 0
0 8 32 27 11 14 12 -1 8 8 8
-1 5 3 10 47 2 10 4 2
7 46 11 16 13 49 8 6 0 -1 11 33 0 6 10 29 41 8 8 8 8 8 6 7 42
-1 8 8 8 8 8 6
18 11 0 6 0 11 -1 48 41 8 8 8 8 8 2
4 22 -1 31 0 0 8 32 34 16 5 1 12 31
21 11 4 -1 0 11 24 4 42 1
1 31 31 16 0 6 0 9 36 14 47 32 22 31 -1 49 32 0 7 13 8 32
45 9 2 30 31 -1 30
9 30 45 27 19 10 -1 30 14 49 49 32 25 19 20 49 49 32 5 4
33 0 6 49 49 32 11 9 20 35 8 32 -1 22 15
46 11 10 19 9 20 31 31 0 7 30 8 42 -1 8
1 46 11 10 9 -1
-1 49 49 32 5 4
7 -1 7 14 8 42 8 32 12 9 10 4 8 32 6
18 5 -1 12 2 1 20 4 31 11 25 24 0 17 11
11 25 7 0 4 14 46 1 39 -1 0 2
-1 11 25 12 1 2 4
42 11 25 14 1 -1 2 0 11 14
-1 43 15 7 4 41 8 35
46 11 36 0 29 0 11 -1 44 38
3 25 27 2 -1 6 0
18 2 12 14 2 1 1 5 29 -1
45 46 11 4 -1 13 33 41 32 23 11 10 33 32 6 37 5 4
-1 12 9 2 41 6 10
23 -1 5 22 2 2 11
21 15 22 20 4 46 30 24 49 49 31 -1 27
34 14 44 -1 4 1 4
1 46 11 10 2 33 0 6 27 -1 34 0 9 11 2 7
12 -1 4 40 24 4 49 49 46 11 13 14 39
12 20 4 29 4 -1
-1 12 20 4 41 14
38 -1 29 1 45 11 25
21 11 11 9 10 2 -1 0
15 5 34 11 0 0 -1 18 0 10 2 20 2
38 5 39 13 14 49 49 -1 1 18 5 3 2 20 2
0 2 11 14 49 -1 32
11 12 1 11 -1 12 29 14 39 42
18 0 2 -1 0 0 1 14
15 5 0 2 0 1 18 43 -1 25 6 30
46 0 -1 0 29 18 7
0 30 2 -1 30 47 0
23 18 5 49 49 13 22 -1
-1 14 0 29 49 49
46 11 33 19 13 8 -1
4 17 -1 1 9 20
1 -1 3 43 18 0 20
23 12 5 2 -1 0 44 1
3 4 37 10 42 42 42 -1 45 0 21 20 0
14 0 3 25 -1 1 28 2 45 16 1 9 2 7
46 17 11 2 7 4 35 8 8 17 27 22 38 9 20 47 34 11 -1
17 16 9 2 20 36 -1
18 5 0 0 9 10 -1 2 0
31 0 -1 9 11 2 44 7
3 24 0 7 0 35 49 49 -1
-1 39 2 20 7 1 11 25 39 6 5 39
15 -1 39 15 5 39
34 28 -1 1 2 20
0 36 2 49 23 -1 31 4 14 0
-1 4 32 43 14 9 10
23 -1 37 14 13 2 30
7 1 -1 13 1 0 35 49
1 -1 5 7 35 49
23 2 -1 18 48 22
1 17 18 27 22 -1 11 13
18 0 13 8 32 19 -1 23
1 5 2 23 17 2 18 3 9 0 1 -1 36 2 35 49 49
18 -1 8 8 8 8 9
1 -1 9 1 4 6
45 28 25 3 27 31 16 0 9 36 -1 35 49 49
7 0 9 -1 32 19
20 14 8 2 -1 32
18 0 9 20 8 2 8 32 1 17 19 9 20 -1
-1 13 22 2 16 37 48 7 47
23 -1 27 4 6 33 0 8 2 8
-1 0 1 1 44 30 31 30
12 0 2 -1 6 30
23 7 25 2 -1 30
19 13 8 32 0 42 1 4 19 13 8 -1 32
0 9 8 8 32 35 -1 32 40
23 -1 5 3 2 0
46 -1 4 11 13 14 1
21 34 -1 0 9 22 21
9 28 34 -1 9 20 31
21 12 5 1 3 -1 27 12 23 31 48 0
1 13 46 17 2 -1 7
21 45 46 17 2 -1 17 0 5 4 14
0 10 4 2 0 5 28 13 -1 15 39 17
3 -1 28 7 2 24 30
23 5 -1 46 2 20 1
12 5 14 42 37 10 37 3 -1
-1 13 0 10 38 13
23 46 11 12 43 1 12 5 11 25 0 11 -1
23 40 -1 11 25 2 15 8 32 42 8 32
12 7 14 -1 2 0 1 0
34 38 5 4 -1 3 15 24
7 29 1 -1 22 2 18 6 13 14
38 9 20 4 -1 2 21 47 24 10
23 45 0 18 27 22 48 -1 1 17 10 2
28 9 -1 2 40 30
34 0 48 2 28 1 44 31 19 49 49 32 13 -1
1 -1 7 0 13 3 10 2 0
7 0 32 -1 6 0 7 4
7 0 35 -1 8 1 35 49 8
1 18 35 49 -1 49 35 2 32
46 3 27 22 49 49 32 43 0 7 9 -1 1 43 0 9 20 2 0 4 32
3 9 10 2 14 4 6 -1
9 10 2 1 0 7 4 -1 1
17 27 22 18 5 -1
-1 9 43 24 43 0
17 3 16 41 8 2 8 -1 2 32
23 11 11 -1 8 32 8 1 11 12 41 8 8 32 1 27 7 4 1
24 0 1 -1 25 20
-1 9 20 28 1 7 1 0 9 28
9 10 2 2 1 -1 10 2 2
15 -1 12 14 0 2 40 8 32 1 0
3 -1 44 2 7 3 46 30
21 0 -1 20 34 38 9
-1 5 7 12 21 38 5 22 23
23 46 11 11 -1 2 20
7 0 9 10 2 -1 14
0 9 0 43 0 1 1 -1 30 2 14
46 0 19 25 2 7 30 -1
3 -1 22 14 41 8 32
3 2 2 0 2 0 0 6 0 -1 23 29
21 17 -1 5 23 3 9 14
3 9 2 41 8 8 8 8 35 49 1 -1 49 49
-1 9 0 13 8 32 1 15 9
15 -1 0 8 8 32
26 32 -1 41 8 8 17 4 6 45 3 39
33 18 41 -1 4 7 0 6 16
3 2 4 2 4 29 1 46 11 0 15 5 45 -1 12
1 35 8 32 1 4 6 -1 0 1 12
15 5 0 37 5 2 -1 26 6
45 28 35 8 32 -1 10
15 48 0 6 26 14 28 8 -1
3 15 20 4 1 -1 12 2
3 9 26 4 -1 21 12 4 1 2
3 13 -1 1 4 29 0
48 2 3 -1 0 6 0
1 7 8 2 8 32 3 9 -1 0 0 0 1
9 40 -1 39 1 20
3 13 23 18 0 1 1 0 4 6 1 -1 1 0 14 43
31 3 41 35 -1 2 3 9
19 10 2 30 2 -1
21 3 -1 0 0 0 0
0 9 20 16 1 16 40 35 8 32 -1
41 8 32 3 1 46 11 13 8 32 1 -1 12 20 8 32 11 0 46 11 13
21 -1 26 3 25 1 3 9
15 -1 12 2 11 2 16 24 11 16 1 24 11 2 12
16 9 22 31 3 34 25 -1 9 0
45 9 0 9 -1 20 4 1 25 9 38 20 42 21 0 3 45 26 14 2 0 6
3 10 4 1 2 -1 2 16
3 1 23 18 3 25 2 14 -1
1 -1 43 3 39 1 2 4 26 14
39 6 44 5 -1 1
12 43 7 -1 8 8 1 14 41 6
-1 8 8 1 14 6
2 15 5 4 31 -1 4 0 1 6
24 11 4 17 10 15 5 4 -1 0 6 26
5 4 6 40 26 -1 0 2
0 4 34 19 -1 4
4 14 18 1 22 7 26 21 37 0 48 4 36 1 1 38 -1 47 38
-1 0 0 2 20 1 2 2
5 -1 2 20 21 17 2 10 24
15 5 -1 31 4 2 1 29 49
7 6 0 -1 2 12
14 1 4 2 -1 6
15 47 40 0 2 -1
7 16 7 35 49 47 -1 30
41 5 0 6 0 7 -1
-1 20 4 6 0 14 30
2 2 1 -1 26 1
5 24 0 33 -1 35 35 4 18 4 7
21 2 7 -1 36 7 33 12 5 0 34 12 5 1
13 4 6 47 -1 13 1 16
19 0 18 7 26 -1 20
24 45 3 10 3 25 -1 28
35 8 8 32 40 26 22 -1 1 21 14 4 6
4 1 5 1 1 10 -1 1 2 27
31 39 6 0 41 -1 26 20 4 21 3 10
-1 1 10 0 7 30 1 29 30
15 35 8 8 32 6 0 1 16 -1
19 35 8 8 -1 6 7 26
7 3 1 2 0 -1 7 26
49 8 1 0 -1 30
14 -1 30 7 0 0 0
-1 6 44 7 0 35 49 8
7 0 1 -1 0 35 49
6 22 -1 12 47 32
7 16 7 35 49 14 15 32 3 2 10 -1 6 16 1 31 16 1 6 6 10 0 33
0 -1 1 2 1 3 13 2 20
-1 3 10 23 47 2 12
23 3 10 -1 0 2 0 6 0
17 -1 9 1 12 46 11 10 22 23
15 9 -1 0 2 12
43 -1 1 0 18 48 1 26
7 16 -1 47 2 7 16 1
31 3 0 -1 9 15 1 28
-1 17 1 1 0 6 16 7 1 2 16 1
17 -1 1 3 13 16 1 2 1
2 14 31 3 13 1 40 1 16 14 -1
7 24 3 -1 16 0 7
-1 18 9 10 4 2 6 42
34 15 5 45 7 -1 5
0 26 0 7 0 14 4 2 -1 7 1 0 4
15 0 1 -1 4 25 2 35
23 19 0 7 33 0 19 2 -1 19 29 16
3 2 7 4 34 -1 4 2
18 5 32 3 -1 2
45 3 10 23 1 45 28 -1 2 27
-1 10 2 35 8 8 8 8 12 5 14 1
30 34 0 10 33 1 33 0 3 10 -1
-1 4 21 0 13 2 38
0 -1 6 2 1 4 6
17 7 30 19 2 2 20 0 17 17 27 22 -1 23 37 5 45 19 13
3 10 41 -1 9 28 0 7 0 32
-1 10 36 0 6 2 14 1 30
14 -1 36 4 6 30
46 42 28 13 7 33 -1
19 10 5 -1 5 41
0 27 22 14 34 30 0 37 -1 8 8
3 9 0 2 35 -1 8 8 8
-1 9 0 2 8 8 8 8 28 0
29 6 15 3 9 -1 6 0
0 9 4 6 30 37 9 2 -1
34 5 11 -1 2 4
46 -1 7 0 12 9 0 8 8
23 12 5 0 8 -1 19 9 20 0
7 0 -1 2 2 18 37 0 6 5 8 2 8 8
3 4 2 -1 21 3 13 15
0 18 20 1 3 10 4 1 -1 43
38 5 4 46 11 -1 14 47 7 0 0 5 1 28
3 9 15 36 2 8 1 3 13 4 -1 15
0 -1 4 29 1 15 9 28 0 32
-1 43 9 6 31 6 36 30
0 10 4 -1 2 2 10 28 1 2
17 9 20 0 6 1 14 0 2 36 17 2 11 29 39 -1 1 18 5
3 32 2 -1 35 8 8 8 40
0 1 0 4 -1 1
3 13 24 0 1 -1 13 0
3 2 36 14 4 28 -1 2 28
21 -1 6 38 5 2
23 3 9 2 8 8 8 0 -1
-1 0 2 27 16 14 5 7 16
18 5 3 40 -1 1
4 6 36 34 47 -1 40
6 44 0 26 6 1 0 26 6 -1 28 1 27 28 1
23 9 0 14 0 7 1 -1 8 8 8 2 8 8
14 3 9 -1 36 2 8 6 2 36 2
14 4 7 42 13 8 -1 8 4
-1 18 8 8 8 4 46 2
24 0 41 8 8 -1
14 3 9 0 40 36 2 8 6 0 2 36 -1 49
24 -1 4 8 8 4
7 35 8 7 -1 1 13 14
7 1 33 -1 9 20
17 2 39 1 -1 5
13 41 49 -1 8 8 4 33 1 8 8 8 4 33
29 0 -1 28 1 15 3 39 14 0 7
21 29 0 3 27 28 2 -1 27
3 9 14 2 44 28 -1
46 11 40 0 9 33 8 8 8 -1
23 46 11 13 4 1 11 13 1 11 -1 2 20 4 17 27 22 0
43 1 17 10 14 1 9 -1 1 40 0
0 6 2 1 5 22 -1 1
3 -1 2 16 31 31
3 1 2 10 -1 2 4 1 7 6
-1 20 18 19 9 46 19 12 2 44 30
19 2 -1 20 40 4 34 6
10 24 44 0 7 16 42 0 -1 35 49 49 7
0 6 35 49 49 18 0 6 35 49 49 10 1 4 -1 0 18 12 2 2 1 27
0 5 2 -1 0 5 2 10 4 1 1 0 0 5
1 7 0 9 1 20 -1 12
2 34 17 17 39 6 2 -1
-1 11 14 2 0 1 6 16 14 0 1 14 33
15 -1 4 18 9 24 1 17 2 20 2 27 1 7 7 0
3 2 0 24 21 12 5 22 -1 2 4 18 2 11
23 2 0 17 0 1 9 -1 28 6 30 7
0 9 36 2 14 0 -1 36 2 35
16 14 1 -1 15 5
21 -1 4 2 0 1 19 10 0
46 11 4 11 2 4 -1
-1 16 6 2 1 0 18 43 31 39
31 7 30 9 -1 30 1 36 2
3 2 -1 15 34 1 13
23 5 46 -1 2 27 23
16 33 0 37 -1 5 0 7 0 32 15 6 25 2 32
7 0 7 41 8 8 17 17 0 1 18 3 8 8 35 8 8 -1
15 14 17 0 1 7 4 0 48 28 -1 10 35 8 8 18 48 35 6 44 44 36
3 13 14 1 21 3 27 -1 2 28 32 7
3 -1 1 2 4 6 1
47 6 -1 36 4 14 3
30 1 0 1 -1 0
0 22 20 31 42 31 30 21 15 5 22 -1 7 47 3 25 0 42 3 25
15 25 2 29 -1 1 6 16
3 -1 16 34 47 9
3 13 7 16 8 1 8 46 -1
21 8 1 8 11 13 22 23 -1 21 22
34 46 11 27 12 11 9 10 37 -1 20
3 31 -1 1 11 25 7 16 8
-1 6 9 1 7 15
34 6 1 42 37 -1 28
22 33 0 5 33 4 -1
-1 24 0 19 0 29 0
36 -1 0 1 45 2 27
0 5 5 13 11 42 13 11 23 1 0 20 -1 33 34 0 25 20 21 19 25 48 0
31 4 5 4 28 2 1 25 20 1 -1 47 28 32
7 0 39 12 -1 7 0
12 48 -1 14 31 12
7 46 19 -1 1 14 12 22 10 0 7 0
15 5 0 1 -1 2
12 5 22 18 25 -1
5 48 -1 0 14 8 32
21 19 0 6 30 2 0 -1 0
23 19 13 1 2 0 1 43 6 44 13 8 -1 9 1 1 0 9 20 4
23 12 5 14 0 1 1 18 5 -1 12 20
1 17 28 9 30 30 -1
0 9 27 -1 1 0 18 44
0 -1 36 4 29 2 0
25 17 25 -1 20 25 17 20 28 32 33 4 21 1 0 1 19 17 11 17 21 17 28
34 17 -1 22 45 9
2 43 15 7 -1 8 8
44 7 4 28 -1 17 9 24 37 5 4 28
3 -1 0 7 41 8 41 35
0 9 -1 8 32 42 23 38 21 12 29
0 -1 13 8 1 9 0
0 9 -1 8 1 8
23 15 5 0 2 14 0 35 8 -1 42 23
7 41 8 41 41 3 9 2 0 1 -1 43
0 9 40 41 37 5 45 -1 5 2 7 41 8 41 41 1 2 41 8 8
0 9 40 37 5 12 5 2 7 41 8 41 41 1 -1 8 41 8 8
41 8 8 3 16 -1 1 41 37 2 1 2 8
-1 9 4 14 44 1 9 44 7 32
31 4 0 -1 0 14
0 9 1 39 7 41 8 41 35 6 -1 8 41 41
17 37 25 27 0 -1 27 23
43 2 0 0 1 0 -1 2 1 2 20 28
39 2 20 3 13 22 2 -1
-1 11 15 42 29 34 19 13 14 16 1 16 14 0
21 12 5 -1 6 0
0 45 30 14 -1 0
45 5 45 5 12 1 3 20 2 4 1 -1
-1 28 1 28 41 0
42 -1 34 43 16 5 40 37 5 4
-1 41 36 7 0 40 0 1 0 2 36
0 48 36 -1 2 35 8 8 32
-1 1 13 0 1 15 5 0
0 18 9 36 2 -1 0 6 15 8 32 40
1 15 -1 0 0 6 47 6
4 18 41 8 8 -1 32 40 7 0 9
1 12 18 39 6 44 9 20 -1
3 14 0 -1 29 26
34 3 13 4 26 5 2 39 -1 18 5
7 -1 35 49 8 1 8 7 26 0
18 5 -1 17 11 2 12
3 7 6 -1 36 2 0 46 12 22
38 37 -1 4 0 36 40 0 0 7 6 0
23 2 2 36 6 -1 0
3 2 20 29 -1 0
21 5 22 18 34 -1 0 25 36 31 31 0
-1 12 12 36 4 1 0 48 2
34 -1 15 39 3 10 2 24 16
21 24 -1 39 16 5
34 12 5 -1 5 0
34 46 -1 4 0 9 10 2
3 9 20 7 19 13 -1
42 -1 6 37 5 11 25 0 12 7 41 8 8
23 -1 25 3 27 1 2
3 10 -1 45 14 26
5 12 1 -1 27 3 27
23 3 10 36 -1 14 26
19 10 4 6 1 1 2 0 1 -1
19 0 19 10 37 28 -1
19 -1 0 35 49 8 37 33 0 29
5 24 30 7 -1 7 28 5
19 13 18 26 0 5 -1 2 0
45 12 3 -1 16 2 41
3 13 6 0 1 3 10 2 1 16 41 -1 8 8
-1 25 27 16 2 1
7 26 3 4 6 40 -1
43 10 -1 20 6 1 37 28 41
21 18 9 -1 1 3 9 1 23 3 10 2 4
23 25 4 6 -1 11 25 44 6
3 28 2 20 2 -1
-1 0 20 2 27 16
26 22 20 2 3 25 2 1 -1 27 16
-1 25 20 2 30 1 4 2
23 -1 14 0 21 20 14 0
0 -1 27 5 2 2 1
3 9 2 -1 1 3 10 15
11 11 2 -1 4 11 0
46 3 2 -1 2 20 3 9 27 18 39
3 2 20 29 6 19 -1 33
14 1 3 -1 0 33
7 6 26 13 1 3 2 -1 4
0 13 16 -1 0 13 16 22 6 12 23 17 27 22 3 25 43 2 29 11 0 37 13 36 2
-1 6 26 9 20 33
22 21 33 -1 20 7 0
46 11 38 5 4 29 -1 40 2 0
46 11 7 4 11 -1 2 5
1 12 9 22 -1 0
-1 1 0 1 13 43 38
3 4 6 -1 1 0 6 26 2 29 31
3 2 1 0 2 27 18 -1 2
3 10 -1 7 1 3 10 12
13 28 1 3 2 6 44 1 3 9 10 2 0 -1 0 28 1 7 1
17 -1 0 37 5 4 0 1 0
3 0 1 2 0 -1
47 6 0 2 1 29 6 0 46 -1 10
12 6 0 23 18 7 0 -1
-1 9 2 4 29 0 6 0
7 -1 41 6 30 5 45 0
15 5 18 0 -1 40 0
19 0 0 2 1 18 25 20 1 19 10 -1
21 27 11 0 12 22 -1
-1 27 22 9 27 7 26
0 3 7 26 33 1 -1 5
3 13 4 -1 2 39
6 4 0 11 -1 4 4 11 22
21 11 1 28 40 0 37 3 25 -1 1
18 5 39 14 0 -1 0
14 3 4 -1 40 43 0 2
3 36 0 44 36 24 1 4 -1 9 20 2
15 -1 34 3 9 10 1 12 9 16
45 -1 11 13 2 11 4 6 0
3 9 43 -1 1 0 3 9 45 5 0 2 27 12
-1 12 2 5 35 8 8 35 8 8 32 28
46 3 10 35 8 32 2 0 3 -1 22 10 42 2 27 12
21 34 15 5 4 8 -1 35 8 8 3 25 4 8 2 35 8 8 2 15
22 21 7 -1 3 25
33 12 4 29 0 1 27 12 47 -1 1
18 3 25 12 1 3 12 3 9 10 -1
-1 0 2 0 6 16
46 11 10 4 11 1 2 -1
0 5 -1 4 42 4
21 3 1 0 31 0 10 0 1 31 3 10 24 -1
39 16 1 9 -1 6 45 16 22 27
26 0 40 3 10 -1 1 6 16
17 15 -1 0 41 8 35
0 8 6 16 40 0 0 -1 0 2
12 41 8 8 8 6 0 6 1 7 -1 0 6
41 8 41 -1 9 2
-1 7 41 8 8 0 9 2
12 -1 20 2 0 4 2 1
0 -1 7 32 23 15 9 20 39 6 0
38 5 -1 49 8 8 8 1 24 24 1
1 18 5 0 34 38 5 1 -1 1 7 0
24 0 6 11 -1 6 0
3 9 28 7 0 15 39 37 5 9 -1 28
15 9 1 0 1 -1
-1 2 7 0 35 49 8 21
3 -1 29 3 10 29
3 9 -1 0 24 43 0 23 18 11 10 4 40 2 1 36 0 1
24 4 7 -1 26 9 20 28 6 4 7 4
3 33 36 1 -1 2 0 14
4 17 3 9 27 -1
3 9 14 0 2 4 -1
3 9 15 2 16 -1 43 30 2 0
34 26 -1 14 43 6
26 0 -1 16 1 0 6
0 1 6 16 -1 1
7 0 35 38 33 0 6 -1 26 1 31
0 7 35 -1 49 19 4 6 26
0 4 40 43 0 2 0 -1 12 31 0 6 26
0 5 -1 0 6 18
23 11 11 -1 0 6
6 16 1 13 2 0 18 1 36 41 -1 8 32
47 6 0 1 23 -1 1 10 0 26
-1 10 4 1 4 43
3 -1 8 32 19 4
31 3 -1 6 45 0 1 0 7
8 32 3 -1 33 16
7 35 49 49 35 31 3 4 2 33 -1 4
21 -1 36 1 12 1 28 3 13 25
4 9 -1 2 1 2 6 30 14 26
17 19 9 2 4 2 18 2 -1 38 1 18 12 0 1 0 14 1 2 18 4 1 9 0 4
0 32 -1 10 47 33
7 41 8 -1 17 33
-1 0 26 48 4 2 0
47 6 11 -1 12 1 3 13 43 6 12
43 9 22 -1 7 4 42 7 39
38 9 20 14 2 24 30 -1
9 30 29 16 -1 30 10
15 -1 3 16 1 3 2 29 45 3 10 1 4 26 14 16
43 15 29 39 1 1 24 11 14 11 -1 26
3 10 2 -1 4 6 1 2 2 16
9 24 11 2 15 6 4 23 18 -1 9 20 4 13 2 43 1 16 1 30 9 10 4