10
928184439 674654465 203937094 186855052 851783856 805293696
55480262 448852233 823161539 786348805 550018803 322680316
891870741 235679524 32164572 497841190 620600021 96487871
321502816 428964257 499656016 521484999 717623189 824784374
144040837 680268887 76238777 371138006 350230937 78690135
768922620 799628518 403830696 60449731 218880692 88319939
482031503 121412614 472330444 284479575 949635609 427232765
389524418 132987043 656496997 678732442 23028233 488463974
857778764 629964237 714551548 739330018 579247790 874251485
461612428 535402609 555160129 833592114 44418273 287363785
